0.683155
0.502429
0.542673
0.0610442
1.1259
2.41381
0.216636
11.2503
2.99167
1.74557
3.06095
0.287806
2.28091
0.718061
0.287068
0.592334
0.635321
3.04591
1.23594
0.990066
2.01317
0.275574
0.547456
3.43124
2.92926
1.04616
1.18527
1.95984
1.81067
1.23066
0.141808
0.933823
0.676429
1.64467
0.354741
0.752007
0.9948
1.45859
1.01047
3.36412
2.07148
1.45394
3.07736
3.97881
3.32929
1.10121
1.28498
2.32632
0.020012
4.34974
1.43417
1.51979
0.995793
1.37606
0.559113
1.69114
1.78632
2.6304
0.169751
0.474852
0.414314
2.26625
4.04007
0.901814
1.03423
0.566114
0.26188
2.64181
0.804964
0.738727
1.24132
2.10975
0.70126
0.609886
1.4253
0.236384
2.20375
0.109582
2.08464
0.739038
0.651928
3.3217
1.54079
0.59604
3.14862
3.11555
0.190345
3.4758
0.598125
0.345809
0.807126
1.70696
2.11376
0.549611
1.09557
1.50682
2.84534
1.3821
6.38945
0.0417869
0.563177
2.17452
2.1257
0.77969
2.47194
0.271187
0.980359
3.92928
1.11063
3.78594
0.352823
0.481171
5.18118
3.75037
1.47219
2.30653
0.781358
3.88219
0.368211
0.505757
1.27604
0.783716
1.83104
0.0613073
2.1754
1.09076
2.74024
3.00635
0.598533
0.0283277
1.12771
0.605071
1.29475
4.97366
3.5658
1.3944
1.39736
2.84703
1.17182
1.48551
0.181095
1.02362
1.54928
1.74796
5.88424
0.491379
1.11133
0.160487
2.07087
0.113122
4.42023
0.445048
0.942519
3.99044
3.90143
2.85063
3.02144
0.987034
1.97283
5.17192
2.37519
0.79097
0.385848
2.87926
4.88123
1.91873
0.836749
2.04633
0.478967
0.392067
1.66402
0.264511
3.32631
1.86788
13.195
0.732491
1.0866
1.39441
0.0396798
1.48862
6.90623
2.59663
0.667127
1.77535
3.74106
5.04655
2.88131
0.171868
0.674678
0.512146
0.503024
1.81502
4.56392
1.66556
5.28654
0.877794
1.31272
0.0063531
0.673692
2.72951
1.28927
2.61013
0.200625
0.513194
0.788036
0.218739
1.5412
0.23929
3.81589
2.03308
0.449544
0.979299
1.18729
0.0698769
0.061181
4.62479
1.02866
0.342925
2.20045
0.114687
4.01022
3.56402
1.66459
0.59471
0.304315
6.28481
1.10487
3.45253
1.10502
1.39785
1.54326
0.804742
1.59582
0.265477
1.93727
8.34504
0.31648
4.66306
1.25974
2.68006
0.669637
2.64141
1.0408
2.48767
1.04895
1.51017
3.8128
7.11367
0.842525
