74.3884
2.10574
6.44199
5.81022
0.174605
1.48642
3.48745
1.53989
1.46289
1.7955
3.9565
0.269834
2.34459
5.22407
2.18003
6.56163
6.77903
4.31212
5.0033
3.46308
2.18836
0.669985
1.57548
0.766518
2.98154
11.6403
0.23933
1.17502
3.81069
3.0717
0.829862
1.75385
0.565001
4.09647
1.27733
2.58855
0.772403
0.946308
0.360293
0.747369
3.64593
0.227399
2.16942
0.429713
0.883562
2.35205
7.41681
3.17668
5.00949
11.6671
3.34104
3.98611
2.04991
1.30647
1.00802
1.48854
3.18737
8.76304
1.1709
1.61282
0.24231
7.27561
5.40762
2.47316
1.87521
6.73457
1.66026
3.22237
3.24721
9.98071
3.52211
5.81698
1.94312
1.0671
0.301648
2.54596
1.7825
2.54768
1.06238
1.17612
4.29474
5.10602
0.994756
2.18751
1.37913
4.20569
0.0383691
3.30459
0.332098
0.719308
3.04593
1.50115
1.70689
4.71359
1.61455
1.15108
7.43976
3.48022
2.17425
2.64661
2.32406
4.84787
0.882973
1.88545
1.13844
2.7465
1.60789
2.30779
0.669601
1.43268
3.01738
3.58832
2.87516
2.61342
1.0971
1.09133
0.677804
2.80127
2.11239
3.37275
5.32577
6.78248
1.31115
3.33802
4.5314
2.99309
0.0503405
2.91785
1.02064
4.59595
1.38582
0.0601788
4.74176
0.865159
1.23265
5.11293
5.85042
3.96548
6.09084
2.44278
3.97372
3.81941
1.53584
0.337639
4.24831
0.598143
0.357323
2.21646
3.44485
0.290132
5.37196
1.24861
7.58774
0.948546
2.00446
1.41981
1.83347
1.35233
3.05573
1.66749
2.97374
3.87261
2.85623
0.346536
4.39632
2.15461
2.28969
4.97453
7.57232
1.71369
0.711006
1.76894
3.93326
1.25424
5.19731
1.66723
2.54201
1.96167
6.01339
2.17947
0.785479
3.95435
1.3447
0.838816
2.12603
3.62956
0.362538
1.93286
1.16174
6.37408
0.30679
10.8891
3.76884
0.898876
1.27821
0.870645
2.01807
1.70559
4.99813
2.33957
2.76041
1.77336
7.31023
8.92513
0.173439
1.17247
2.4561
2.22964
1.07718
0.541376
8.91363
2.26457
0.857513
3.26887
4.46302
1.79222
5.52
1.379
2.2323
6.0823
1.8064
6.39734
4.44066
2.31771
1.65382
4.7584
1.6132
4.90327
3.34723
0.511029
0.0658752
0.502216
0.377526
7.69862
6.37768
0.539793
2.35853
0.241976
1.74969
0.820119
2.8215
8.46418
0.244193
6.70345
3.68656
2.43071
5.98542
1.69524
2.44477
